NumAxe Jour Diam     X1       Y1       Z1      X2       Y2       Z2
    1     7    3.06    0.00    0.00   20.00    0.29    0.25   24.99
    1     7    3.05    0.29    0.25   24.99    0.86    0.31   29.95
    1     8    2.86    0.86    0.31   29.95    1.83    0.73   34.84
    1     8    2.82    1.83    0.73   34.84    2.76    1.71   39.65
    1     8    2.80    2.76    1.71   39.65    3.75    3.30   44.29
    1     9    2.78    3.75    3.30   44.29    4.08    5.15   48.92
    1     9    2.66    4.08    5.15   48.92    4.07    7.44   53.37
    1    10    2.50    4.07    7.44   53.37    3.85    9.37   57.97
    1    10    2.43    3.85    9.37   57.97    3.48   11.55   62.46
    1    10    2.34    3.48   11.55   62.46    3.36   13.89   66.88
    1    11    2.26    3.36   13.89   66.88    3.17   15.57   71.58
    1    11    2.22    3.17   15.57   71.58    2.65   16.62   76.44
    1    11    2.10    2.65   16.62   76.44    2.49   17.02   81.42
    1    12    2.00    2.49   17.02   81.42    2.68   17.62   86.38
    1    12    1.98    2.68   17.62   86.38    2.99   18.48   91.30
    1    13    1.92    2.99   18.48   91.30    3.86   18.91   96.20
    1    13    1.85    3.86   18.91   96.20    4.05   19.56  101.16
    1    13    1.78    4.05   19.56  101.16    4.63   20.66  106.00
    1    14    1.74    4.63   20.66  106.00    4.66   21.55  110.92
    1    14    1.69    4.66   21.55  110.92    5.02   22.72  115.77
    1    14    1.62    5.02   22.72  115.77    5.09   23.23  120.74
    1    15    1.56    5.09   23.23  120.74    5.35   23.30  125.73
    1    15    1.46    5.35   23.30  125.73    5.11   22.87  130.71
    1    16    1.40    5.11   22.87  130.71    4.52   22.32  135.64
    1    16    1.35    4.52   22.32  135.64    4.39   22.03  140.63
    1    16    1.26    4.39   22.03  140.63    3.86   22.15  145.60
    1    17    1.20    3.86   22.15  145.60    2.96   22.51  150.51
    1    17    1.20    2.96   22.51  150.51    1.83   22.98  155.36
    1    17    1.20    1.83   22.98  155.36    0.78   23.91  160.16
    1    18    1.20    0.78   23.91  160.16    0.17   24.81  165.04
    1    18    1.20    0.17   24.81  165.04   -0.66   25.15  169.96
    1    19    1.20   -0.66   25.15  169.96   -1.64   25.74  174.82
    1    19    1.20   -1.64   25.74  174.82   -2.30   26.89  179.64
    1    19    1.20   -2.30   26.89  179.64   -3.39   27.84  184.43
    1    20    1.20   -3.39   27.84  184.43   -5.12   28.60  189.06
    1    20    1.20   -5.12   28.60  189.06   -7.09   29.61  193.54
    2     9    2.42    0.00    0.00   20.00   -3.73   -1.42   23.01
    2     9    2.37   -3.73   -1.42   23.01   -7.61   -2.79   25.86
    2    10    2.26   -7.61   -2.79   25.86  -11.13   -4.16   29.13
    2    10    2.16  -11.13   -4.16   29.13  -14.72   -5.60   32.30
    2    10    2.05  -14.72   -5.60   32.30  -18.43   -7.50   35.06
    2    11    2.00  -18.43   -7.50   35.06  -21.58   -9.81   38.18
    2    11    1.97  -21.58   -9.81   38.18  -24.81  -11.60   41.55
    2    12    1.91  -24.81  -11.60   41.55  -27.88  -12.78   45.32
    2    12    1.89  -27.88  -12.78   45.32  -30.71  -13.76   49.32
    2    12    1.83  -30.71  -13.76   49.32  -33.79  -15.11   53.02
    2    13    1.78  -33.79  -15.11   53.02  -36.96  -15.95   56.79
    2    13    1.74  -36.96  -15.95   56.79  -40.38  -16.38   60.42
    2    13    1.69  -40.38  -16.38   60.42  -43.78  -16.87   64.05
    2    14    1.64  -43.78  -16.87   64.05  -46.88  -18.00   67.81
    2    14    1.59  -46.88  -18.00   67.81  -50.17  -19.25   71.36
    2    15    1.56  -50.17  -19.25   71.36  -53.73  -20.73   74.55
    2    15    1.47  -53.73  -20.73   74.55  -57.15  -22.39   77.79
    2    15    1.44  -57.15  -22.39   77.79  -60.92  -23.46   80.90
    2    16    1.39  -60.92  -23.46   80.90  -64.96  -23.97   83.80
    2    16    1.35  -64.96  -23.97   83.80  -68.79  -24.91   86.87
    2    16    1.28  -68.79  -24.91   86.87  -72.49  -25.55   90.17
    2    17    1.20  -72.49  -25.55   90.17  -75.66  -26.53   93.91
    2    17    1.20  -75.66  -26.53   93.91  -79.07  -27.83   97.33
    2    18    1.20  -79.07  -27.83   97.33  -81.90  -29.15  101.24
    2    18    1.20  -81.90  -29.15  101.24  -84.18  -30.88  105.34
    2    18    1.20  -84.18  -30.88  105.34  -86.48  -32.87  109.30
    2    19    1.20  -86.48  -32.87  109.30  -89.00  -35.23  112.92
    2    19    1.20  -89.00  -35.23  112.92  -91.74  -37.93  116.11
    2    19    1.20  -91.74  -37.93  116.11  -93.85  -40.82  119.60
    2    20    1.20  -93.85  -40.82  119.60  -95.75  -43.41  123.44
    2    20    1.20  -95.75  -43.41  123.44  -97.56  -45.36  127.67
    3    11    2.12    0.00    0.00   20.00   -1.18   -4.75   21.02
    3    11    2.09   -1.18   -4.75   21.02   -1.83   -9.66   21.70
    3    12    2.05   -1.83   -9.66   21.70   -2.65  -14.38   23.14
    3    12    2.01   -2.65  -14.38   23.14   -3.84  -19.12   24.20
    3    12    1.96   -3.84  -19.12   24.20   -5.12  -23.73   25.64
    3    13    1.92   -5.12  -23.73   25.64   -6.53  -28.29   27.12
    3    13    1.87   -6.53  -28.29   27.12   -7.96  -32.90   28.46
    3    14    1.79   -7.96  -32.90   28.46   -9.93  -37.18   30.12
    3    14    1.70   -9.93  -37.18   30.12  -12.49  -41.09   31.89
    3    14    1.62  -12.49  -41.09   31.89  -15.18  -44.71   34.06
    3    15    1.53  -15.18  -44.71   34.06  -18.24  -48.05   36.17
    3    15    1.44  -18.24  -48.05   36.17  -21.53  -50.89   38.64
    3    15    1.36  -21.53  -50.89   38.64  -24.63  -54.19   40.77
    3    16    1.31  -24.63  -54.19   40.77  -27.85  -57.43   42.79
    3    16    1.28  -27.85  -57.43   42.79  -30.92  -61.06   44.35
    3    17    1.20  -30.92  -61.06   44.35  -33.59  -65.05   45.76
    3    17    1.20  -33.59  -65.05   45.76  -36.19  -69.21   46.71
    3    17    1.20  -36.19  -69.21   46.71  -39.06  -73.15   47.83
    3    18    1.20  -39.06  -73.15   47.83  -42.24  -76.83   48.97
    3    18    1.20  -42.24  -76.83   48.97  -45.14  -80.84   49.67
    3    18    1.20  -45.14  -80.84   49.67  -48.48  -84.38   50.84
    3    19    1.20  -48.48  -84.38   50.84  -51.89  -87.92   51.76
    3    19    1.20  -51.89  -87.92   51.76  -55.36  -91.48   52.29
    3    20    1.20  -55.36  -91.48   52.29  -58.78  -95.12   52.25
    3    20    1.20  -58.78  -95.12   52.25  -61.98  -98.92   52.83
    3    20    1.20  -61.98  -98.92   52.83  -65.03 -102.88   53.05
    4    12    0.33    0.06    0.05   21.00    3.18   -1.50   22.14
    4    14    0.33    3.18   -1.50   22.14    7.50   -3.73   23.29
    4    16    0.33    7.50   -3.73   23.29    9.57   -4.64   23.89
    5    12    0.23    0.11    0.10   21.99    2.50    0.04   22.66
    5    14    0.23    2.50    0.04   22.66    4.92    0.02   23.21
    6    12    0.21    0.17    0.15   22.99    1.41   -1.71   23.54
    6    14    0.21    1.41   -1.71   23.54    2.55   -3.61   24.17
    7    12    0.36    0.23    0.20   23.99   -3.23   -1.52   25.04
    7    14    0.36   -3.23   -1.52   25.04   -7.44   -3.70   26.65
    7    15    0.36   -7.44   -3.70   26.65  -11.88   -5.67   27.81
    7    17    0.36  -11.88   -5.67   27.81  -13.65   -6.50   28.32
    8    12    0.85    0.29    0.25   24.99    4.05    3.43   25.81
    8    13    0.83    4.05    3.43   25.81    8.20    6.05   26.79
    8    14    0.80    8.20    6.05   26.79   11.92    9.23   27.81
    8    15    0.75   11.92    9.23   27.81   16.07   11.91   28.60
    8    15    0.68   16.07   11.91   28.60   20.28   14.21   30.02
    8    16    0.66   20.28   14.21   30.02   24.42   16.71   31.28
    8    17    0.60   24.42   16.71   31.28   28.28   19.73   32.25
    8    18    0.60   28.28   19.73   32.25   32.11   22.62   33.65
    8    18    0.60   32.11   22.62   33.65   35.95   25.72   34.50
    8    19    0.60   35.95   25.72   34.50   39.91   28.38   35.97
    8    20    0.60   39.91   28.38   35.97   44.16   30.81   37.02
    9    12    0.35    0.40    0.26   25.98    4.17    0.90   26.69
    9    14    0.35    4.17    0.90   26.69    8.91    1.80   28.00
    9    15    0.35    8.91    1.80   28.00   13.48    2.86   29.75
   10    12    0.91    0.51    0.27   26.97   -2.90   -3.08   28.43
   10    13    0.87   -2.90   -3.08   28.43   -6.16   -6.58   29.89
   10    14    0.83   -6.16   -6.58   29.89   -9.70   -9.76   31.42
   10    15    0.79   -9.70   -9.76   31.42  -13.57  -12.53   32.96
   10    15    0.75  -13.57  -12.53   32.96  -17.31  -15.02   35.15
   10    16    0.66  -17.31  -15.02   35.15  -21.46  -17.21   36.87
   10    17    0.59  -21.46  -17.21   36.87  -25.60  -19.15   38.89
   10    18    0.59  -25.60  -19.15   38.89  -29.87  -20.45   41.16
   10    18    0.59  -29.87  -20.45   41.16  -33.87  -22.34   43.49
   10    19    0.59  -33.87  -22.34   43.49  -37.43  -24.29   46.40
   10    20    0.59  -37.43  -24.29   46.40  -41.44  -25.83   48.97
   11    12    0.38    0.63    0.28   27.97   -0.99    4.04   28.80
   11    14    0.38   -0.99    4.04   28.80   -2.34    8.69   30.07
   11    15    0.38   -2.34    8.69   30.07   -3.45   13.48   30.93
   11    17    0.38   -3.45   13.48   30.93   -3.87   15.96   31.27
   12    12    0.36    0.74    0.29   28.96   -2.02   -2.14   30.31
   12    14    0.36   -2.02   -2.14   30.31   -5.23   -5.71   31.72
   12    15    0.36   -5.23   -5.71   31.72   -8.84   -8.92   33.00
   13    13    1.75    0.00    0.00   20.00    2.24   -3.80   22.34
   13    13    1.73    2.24   -3.80   22.34    4.91   -7.48   24.43
   13    14    1.65    4.91   -7.48   24.43    7.53  -10.82   27.08
   13    14    1.62    7.53  -10.82   27.08    9.83  -14.60   29.39
   13    14    1.60    9.83  -14.60   29.39   11.55  -18.33   32.26
   13    15    1.53   11.55  -18.33   32.26   13.55  -21.52   35.55
   13    15    1.45   13.55  -21.52   35.55   15.62  -24.51   38.97
   13    16    1.39   15.62  -24.51   38.97   18.08  -27.52   42.12
   13    16    1.31   18.08  -27.52   42.12   19.96  -30.32   45.81
   13    16    1.25   19.96  -30.32   45.81   21.64  -33.56   49.23
   13    17    1.20   21.64  -33.56   49.23   22.71  -36.67   52.99
   13    17    1.20   22.71  -36.67   52.99   23.69  -39.96   56.64
   13    17    1.20   23.69  -39.96   56.64   24.68  -42.75   60.67
   13    18    1.20   24.68  -42.75   60.67   25.94  -45.56   64.60
   13    18    1.20   25.94  -45.56   64.60   27.69  -48.15   68.50
   13    19    1.20   27.69  -48.15   68.50   29.27  -51.21   72.12
   13    19    1.20   29.27  -51.21   72.12   30.88  -53.76   76.12
   13    19    1.20   30.88  -53.76   76.12   32.71  -55.89   80.25
   13    20    1.20   32.71  -55.89   80.25   34.27  -58.00   84.51
   13    20    1.20   34.27  -58.00   84.51   35.45  -59.54   89.12
   13    20    1.20   35.45  -59.54   89.12   36.78  -60.39   93.86
   14    13    0.53    0.86    0.31   29.95    5.20   -2.14   30.28
   14    14    0.47    5.20   -2.14   30.28    9.20   -5.06   30.96
   14    15    0.47    9.20   -5.06   30.96   12.73   -8.50   31.85
   14    16    0.47   12.73   -8.50   31.85   16.14  -12.08   32.54
   14    17    0.47   16.14  -12.08   32.54   19.11  -16.09   32.92
   14    18    0.47   19.11  -16.09   32.92   21.77  -20.32   32.80
   15    13    0.26    1.05    0.39   30.93   -0.94   -1.19   32.20
   15    15    0.26   -0.94   -1.19   32.20   -2.92   -2.62   33.66
   16    13    0.35    1.24    0.48   31.91   -0.29   -2.68   33.44
   16    15    0.35   -0.29   -2.68   33.44   -2.23   -6.73   35.65
   16    16    0.35   -2.23   -6.73   35.65   -4.00  -10.64   38.21
   17    13    0.50    1.44    0.56   32.88    3.48   -3.95   33.59
   17    14    0.46    3.48   -3.95   33.59    5.53   -8.46   34.27
   17    15    0.46    5.53   -8.46   34.27    7.84  -12.88   34.57
   17    16    0.46    7.84  -12.88   34.57    9.97  -17.40   34.85
   17    17    0.46    9.97  -17.40   34.85   11.49  -22.13   35.36
   17    18    0.46   11.49  -22.13   35.36   12.60  -27.01   35.42
   18    13    0.25    1.63    0.65   33.86    0.56   -1.53   35.05
   18    15    0.25    0.56   -1.53   35.05   -0.41   -3.68   36.36
   19    13    0.29    1.83    0.73   34.84    1.47    3.89   35.29
   19    15    0.29    1.47    3.89   35.29    0.67    8.71   36.35
   20    13    0.20    2.01    0.93   35.80    4.13    1.59   35.84
   20    15    0.20    4.13    1.59   35.84    6.28    2.13   35.85
   21    13    0.36    2.20    1.12   36.76    4.90    3.96   36.98
   21    15    0.36    4.90    3.96   36.98    8.61    7.30   36.67
   21    16    0.36    8.61    7.30   36.67   12.43   10.53   36.60
   22    13    0.38    2.39    1.32   37.73   -1.38    2.69   38.85
   22    15    0.38   -1.38    2.69   38.85   -5.98    3.68   40.55
   22    16    0.38   -5.98    3.68   40.55  -10.72    4.28   42.04
   22    18    0.38  -10.72    4.28   42.04  -13.10    4.52   42.81
   23    13    0.29    2.76    1.71   39.65    2.57    4.85   39.75
   23    15    0.29    2.57    4.85   39.75    2.42    9.84   39.39
   24    13    0.44    2.96    2.02   40.58    7.62    3.12   40.54
   24    15    0.43    7.62    3.12   40.54   12.43    4.47   40.48
   24    16    0.43   12.43    4.47   40.48   17.22    5.81   39.99
   24    17    0.43   17.22    5.81   39.99   22.10    6.89   40.08
   24    19    0.43   22.10    6.89   40.08   26.16    7.53   40.59
   25    13    0.37    3.16    2.34   41.51    4.24    6.22   40.85
   25    15    0.37    4.24    6.22   40.85    6.22   10.73   39.93
   25    16    0.37    6.22   10.73   39.93    7.87   15.44   39.68
   25    18    0.37    7.87   15.44   39.68    8.68   17.54   39.64
   26    13    0.25    3.35    2.66   42.43    1.03    3.67   43.38
   26    15    0.25    1.03    3.67   43.38   -1.38    4.60   44.18
   27    14    0.63    3.75    3.30   44.29    4.04   -0.67   47.31
   27    15    0.63    4.04   -0.67   47.31    4.77   -4.81   50.02
   27    16    0.59    4.77   -4.81   50.02    4.90   -8.98   52.77
   27    17    0.53    4.90   -8.98   52.77    5.43  -13.38   55.09
   27    18    0.53    5.43  -13.38   55.09    6.15  -17.66   57.58
   27    19    0.53    6.15  -17.66   57.58    6.31  -22.17   59.72
   27    19    0.53    6.31  -22.17   59.72    6.40  -26.57   62.11
   27    20    0.53    6.40  -26.57   62.11    7.11  -30.94   64.42
   28    14    0.58    3.81    3.67   45.22    8.75    3.69   46.00
   28    15    0.55    8.75    3.69   46.00   13.53    3.82   47.45
   28    16    0.50   13.53    3.82   47.45   18.39    3.53   48.60
   28    17    0.50   18.39    3.53   48.60   23.35    3.65   49.20
   28    18    0.50   23.35    3.65   49.20   28.22    3.97   50.32
   28    19    0.50   28.22    3.97   50.32   33.16    4.44   50.95
   28    20    0.50   33.16    4.44   50.95   37.99    5.54   51.58
   29    14    0.32    3.88    4.04   46.14    0.62    5.13   46.72
   29    16    0.32    0.62    5.13   46.72   -4.20    6.44   47.03
   30    14    0.29    3.95    4.41   47.07    2.87    2.01   48.80
   30    16    0.29    2.87    2.01   48.80    0.87   -1.88   51.22
   31    14    0.75    4.01    4.78   47.99    8.80    5.27   49.36
   31    15    0.70    8.80    5.27   49.36   13.64    5.05   50.59
   31    16    0.66   13.64    5.05   50.59   18.59    5.06   51.29
   31    17    0.57   18.59    5.06   51.29   23.56    5.36   51.79
   31    18    0.57   23.56    5.36   51.79   28.37    5.92   53.01
   31    18    0.57   28.37    5.92   53.01   33.31    6.29   53.69
   31    19    0.57   33.31    6.29   53.69   38.13    6.30   55.05
   31    20    0.57   38.13    6.30   55.05   43.01    5.98   56.09
   32    14    0.48    4.08    5.15   48.92    4.31    9.75   47.41
   32    16    0.44    4.31    9.75   47.41    4.64   14.40   45.61
   32    17    0.44    4.64   14.40   45.61    4.48   19.23   44.30
   32    18    0.44    4.48   19.23   44.30    4.67   24.22   44.23
   32    20    0.44    4.67   24.22   44.23    4.43   28.60   44.19
   33    14    0.41    4.08    5.61   49.81    8.17    7.46   50.20
   33    16    0.41    8.17    7.46   50.20   12.59    9.70   50.84
   33    17    0.41   12.59    9.70   50.84   17.28   11.39   51.12
   33    18    0.41   17.28   11.39   51.12   22.17   12.46   51.12
   33    20    0.41   22.17   12.46   51.12   25.08   13.15   51.39
   34    14    0.51    4.08    6.07   50.70    3.36   10.74   49.08
   34    15    0.50    3.36   10.74   49.08    3.28   15.40   47.25
   34    16    0.48    3.28   15.40   47.25    3.47   20.11   45.61
   34    17    0.48    3.47   20.11   45.61    3.16   24.84   44.02
   34    18    0.48    3.16   24.84   44.02    3.10   29.76   43.11
   34    19    0.48    3.10   29.76   43.11    3.74   34.60   42.04
   35    14    0.81    4.08    6.53   51.59   -0.54    7.27   53.36
   35    15    0.80   -0.54    7.27   53.36   -5.28    8.11   54.70
   35    16    0.77   -5.28    8.11   54.70   -9.83    9.44   56.30
   35    16    0.70   -9.83    9.44   56.30  -14.18   10.62   58.47
   35    17    0.62  -14.18   10.62   58.47  -18.51   12.34   60.29
   35    18    0.62  -18.51   12.34   60.29  -22.61   14.24   62.42
   35    19    0.62  -22.61   14.24   62.42  -26.92   15.70   64.49
   35    19    0.62  -26.92   15.70   64.49  -31.24   17.66   66.08
   35    20    0.62  -31.24   17.66   66.08  -35.45   20.10   67.22
   36    14    0.74    4.07    6.98   52.48    8.55    9.21   52.33
   36    15    0.72    8.55    9.21   52.33   12.96   11.51   51.83
   36    16    0.68   12.96   11.51   51.83   17.29   13.99   52.11
   36    17    0.59   17.29   13.99   52.11   21.88   15.97   52.00
   36    17    0.59   21.88   15.97   52.00   26.33   18.13   51.30
   36    18    0.59   26.33   18.13   51.30   30.93   19.87   50.39
   36    19    0.59   30.93   19.87   50.39   35.76   21.06   49.90
   36    20    0.59   35.76   21.06   49.90   40.56   22.35   49.31
   36    20    0.59   40.56   22.35   49.31   45.39   23.32   48.44
   37    14    0.59   -0.75   -0.28   20.60   -5.73   -0.54   20.25
   37    15    0.55   -5.73   -0.54   20.25  -10.65   -1.42   20.33
   37    16    0.49  -10.65   -1.42   20.33  -15.61   -1.68   20.86
   37    17    0.49  -15.61   -1.68   20.86  -20.50   -2.65   21.28
   37    18    0.49  -20.50   -2.65   21.28  -25.40   -3.66   21.28
   37    19    0.49  -25.40   -3.66   21.28  -30.17   -5.15   21.23
   38    14    0.46   -1.49   -0.57   21.20    0.13   -2.25   25.31
   38    16    0.43    0.13   -2.25   25.31    1.33   -3.64   29.96
   38    17    0.43    1.33   -3.64   29.96    2.76   -4.74   34.62
   38    18    0.43    2.76   -4.74   34.62    4.42   -5.89   39.20
   38    20    0.43    4.42   -5.89   39.20    5.82   -6.47   42.80
   39    14    0.24   -2.24   -0.85   21.80   -1.54    0.29   24.09
   39    16    0.24   -1.54    0.29   24.09   -0.76    1.58   26.26
   40    14    0.25   -2.99   -1.14   22.41   -1.94   -1.93   24.81
   40    16    0.25   -1.94   -1.93   24.81   -0.75   -2.56   27.21
   41    14    0.33   -3.73   -1.42   23.01   -2.50   -3.08   25.94
   41    16    0.33   -2.50   -3.08   25.94   -0.47   -5.56   29.77
   41    18    0.33   -0.47   -5.56   29.77    0.43   -6.63   31.43
   42    14    0.41   -4.51   -1.70   23.58   -6.67    2.16   24.31
   42    16    0.41   -6.67    2.16   24.31   -9.35    6.13   25.77
   42    17    0.41   -9.35    6.13   25.77  -11.97   10.14   27.19
   42    18    0.41  -11.97   10.14   27.19  -14.74   14.21   28.07
   42    20    0.41  -14.74   14.21   28.07  -16.40   16.59   28.55
   43    14    0.31   -5.28   -1.97   24.15   -7.07    0.84   24.81
   43    16    0.31   -7.07    0.84   24.81   -9.74    4.86   26.10
   44    14    0.40   -6.06   -2.24   24.72   -5.60   -6.62   24.88
   44    16    0.40   -5.60   -6.62   24.88   -4.59  -11.51   25.03
   44    17    0.40   -4.59  -11.51   25.03   -3.17  -16.30   24.71
   44    19    0.40   -3.17  -16.30   24.71   -2.31  -19.36   24.38
   45    14    0.87   -6.83   -2.52   25.29   -9.15   -6.94   25.12
   45    15    0.81   -9.15   -6.94   25.12  -11.23  -11.44   24.47
   45    16    0.76  -11.23  -11.44   24.47  -12.67  -16.17   23.69
   45    16    0.67  -12.67  -16.17   23.69  -13.52  -21.09   23.58
   45    17    0.67  -13.52  -21.09   23.58  -14.13  -26.06   23.55
   45    18    0.67  -14.13  -26.06   23.55  -15.09  -30.96   23.81
   45    18    0.67  -15.09  -30.96   23.81  -16.42  -35.77   23.80
   45    19    0.67  -16.42  -35.77   23.80  -17.82  -40.56   24.22
   45    20    0.67  -17.82  -40.56   24.22  -18.78  -45.43   24.79
   45    20    0.67  -18.78  -45.43   24.79  -19.19  -50.41   25.10
   46    15    1.51    0.00    0.00   20.00   -0.54   -2.31   24.40
   46    15    1.45   -0.54   -2.31   24.40   -1.39   -4.52   28.80
   46    16    1.39   -1.39   -4.52   28.80   -2.06   -6.49   33.35
   46    16    1.33   -2.06   -6.49   33.35   -2.34   -7.94   38.13
   46    16    1.27   -2.34   -7.94   38.13   -2.93   -8.86   43.01
   46    17    1.20   -2.93   -8.86   43.01   -4.12  -10.00   47.73
   46    17    1.20   -4.12  -10.00   47.73   -5.03  -11.75   52.32
   46    18    1.20   -5.03  -11.75   52.32   -6.44  -13.55   56.77
   46    18    1.20   -6.44  -13.55   56.77   -7.69  -14.70   61.47
   46    18    1.20   -7.69  -14.70   61.47   -9.24  -15.35   66.18
   46    19    1.20   -9.24  -15.35   66.18  -10.73  -15.44   70.95
   46    19    1.20  -10.73  -15.44   70.95  -12.04  -14.85   75.74
   46    19    1.20  -12.04  -14.85   75.74  -13.29  -13.70   80.44
   46    20    1.20  -13.29  -13.70   80.44  -14.33  -12.33   85.14
   46    20    1.20  -14.33  -12.33   85.14  -14.84  -10.73   89.85
   47    15    0.48    4.07    7.44   53.37    0.27    5.29   55.48
   47    17    0.44    0.27    5.29   55.48   -3.83    2.88   57.02
   47    18    0.44   -3.83    2.88   57.02   -7.86    0.08   58.00
   47    19    0.44   -7.86    0.08   58.00  -11.80   -2.94   58.57
   48    15    0.37    4.03    7.83   54.29    1.80    5.44   56.79
   48    17    0.37    1.80    5.44   56.79   -0.78    2.13   59.50
   48    18    0.37   -0.78    2.13   59.50   -2.84   -1.30   62.51
   48    20    0.37   -2.84   -1.30   62.51   -3.71   -3.00   63.85
   49    15    0.40    3.98    8.21   55.21    4.26    4.93   58.15
   49    17    0.40    4.26    4.93   58.15    4.96    1.26   61.47
   49    18    0.40    4.96    1.26   61.47    6.10   -2.65   64.37
   49    20    0.40    6.10   -2.65   64.37    7.02   -5.28   66.04
   50    15    0.60    3.94    8.60   56.13    7.61   11.99   55.91
   50    16    0.53    7.61   11.99   55.91   11.13   15.49   55.34
   50    17    0.49   11.13   15.49   55.34   14.11   19.44   54.59
   50    18    0.49   14.11   19.44   54.59   17.29   23.23   53.88
   50    19    0.49   17.29   23.23   53.88   20.62   26.96   53.95
   50    20    0.49   20.62   26.96   53.95   24.10   30.55   54.10
   51    15    0.25    3.90    8.99   57.05    5.95    7.93   58.58
   51    17    0.25    5.95    7.93   58.58    7.99    6.73   60.02
   52    15    0.58    3.85    9.37   57.97   -0.49    7.98   60.03
   52    16    0.54   -0.49    7.98   60.03   -4.69    6.33   62.19
   52    17    0.48   -4.69    6.33   62.19   -8.95    5.22   64.56
   52    18    0.48   -8.95    5.22   64.56  -13.17    3.92   66.90
   52    19    0.48  -13.17    3.92   66.90  -17.49    3.14   69.29
   52    20    0.48  -17.49    3.14   69.29  -21.40    1.98   72.18
   53    15    0.31    3.78    9.81   58.87    5.14   12.85   58.33
   53    17    0.31    5.14   12.85   58.33    6.57   17.56   57.47
   54    15    0.65    3.70   10.24   59.77    8.33   12.09   60.20
   54    16    0.60    8.33   12.09   60.20   12.65   14.42   61.12
   54    17    0.50   12.65   14.42   61.12   16.59   17.19   62.47
   54    18    0.50   16.59   17.19   62.47   20.29   20.42   63.41
   54    19    0.50   20.29   20.42   63.41   24.26   23.13   64.81
   54    20    0.50   24.26   23.13   64.81   28.00   26.13   66.20
   55    15    0.35    3.63   10.68   60.66   -0.04   10.81   61.90
   55    17    0.35   -0.04   10.81   61.90   -4.54   10.54   64.06
   55    18    0.35   -4.54   10.54   64.06   -8.95   10.68   66.41
   56    15    0.40    3.55   11.11   61.56    5.20    8.34   64.56
   56    17    0.40    5.20    8.34   64.56    6.71    4.70   67.65
   56    18    0.40    6.71    4.70   67.65    8.15    1.11   70.81
   56    20    0.40    8.15    1.11   70.81    8.86   -1.36   72.77
   57    15    0.32    3.48   11.55   62.46    6.10   13.94   62.50
   57    17    0.32    6.10   13.94   62.50    9.81   17.24   61.86
   57    19    0.32    9.81   17.24   61.86   11.43   18.54   61.53
   58    15    0.33    3.45   12.02   63.34    1.10   10.08   65.22
   58    17    0.33    1.10   10.08   65.22   -2.26    7.57   67.95
   58    19    0.33   -2.26    7.57   67.95   -3.76    6.61   69.17
   59    15    0.65    3.43   12.48   64.23   -0.25   10.52   66.98
   59    16    0.62   -0.25   10.52   66.98   -3.99    9.21   70.03
   59    17    0.61   -3.99    9.21   70.03   -7.75    7.36   72.76
   59    17    0.61   -7.75    7.36   72.76  -10.97    5.17   75.90
   59    18    0.61  -10.97    5.17   75.90  -14.06    3.19   79.29
   59    19    0.61  -14.06    3.19   79.29  -17.03    0.78   82.50
   59    20    0.61  -17.03    0.78   82.50  -19.39   -1.89   86.01
   59    20    0.61  -19.39   -1.89   86.01  -22.27   -4.12   89.44
   60    15    0.64    3.41   12.95   65.11   -1.32   14.34   65.97
   60    16    0.60   -1.32   14.34   65.97   -5.85   15.83   67.45
   60    17    0.53   -5.85   15.83   67.45  -10.27   17.79   68.75
   60    18    0.53  -10.27   17.79   68.75  -14.54   20.22   69.67
   60    19    0.53  -14.54   20.22   69.67  -18.78   22.78   70.34
   60    20    0.53  -18.78   22.78   70.34  -23.23   25.02   70.80
   60    20    0.53  -23.23   25.02   70.80  -27.93   26.69   71.12
   61    15    0.51   -7.61   -2.79   25.86  -10.64    0.99   25.40
   61    17    0.44  -10.64    0.99   25.40  -13.93    4.75   25.61
   61    18    0.44  -13.93    4.75   25.61  -16.71    8.91   25.63
   61    19    0.44  -16.71    8.91   25.63  -19.45   13.05   25.07
   62    15    0.60   -8.31   -3.06   26.51   -8.20   -8.00   27.33
   62    16    0.59   -8.20   -8.00   27.33   -7.62  -12.85   28.37
   62    17    0.52   -7.62  -12.85   28.37   -6.65  -17.58   29.68
   62    18    0.52   -6.65  -17.58   29.68   -5.45  -22.07   31.51
   62    19    0.52   -5.45  -22.07   31.51   -4.12  -26.48   33.47
   62    20    0.52   -4.12  -26.48   33.47   -2.80  -30.90   35.40
   63    15    0.61   -9.02   -3.34   27.17  -13.71   -1.63   27.05
   63    16    0.61  -13.71   -1.63   27.05  -18.29    0.38   27.02
   63    17    0.55  -18.29    0.38   27.02  -22.92    2.14   27.71
   63    18    0.55  -22.92    2.14   27.71  -27.23    4.56   28.45
   63    19    0.55  -27.23    4.56   28.45  -31.71    6.63   29.27
   63    19    0.55  -31.71    6.63   29.27  -35.89    8.98   30.69
   63    20    0.55  -35.89    8.98   30.69  -39.83   11.48   32.49
   64    15    0.41   -9.72   -3.61   27.82  -12.54   -7.08   27.64
   64    17    0.41  -12.54   -7.08   27.64  -15.20  -11.31   27.90
   64    18    0.41  -15.20  -11.31   27.90  -17.67  -15.59   28.68
   64    19    0.41  -17.67  -15.59   28.68  -20.09  -19.70   30.18
   65    15    0.30  -10.43   -3.89   28.47  -13.00   -1.84   28.43
   65    17    0.30  -13.00   -1.84   28.43  -16.84    1.36   28.37
   66    15    0.36  -11.13   -4.16   29.13  -12.48   -7.87   28.99
   66    17    0.36  -12.48   -7.87   28.99  -14.50  -12.43   28.67
   66    18    0.36  -14.50  -12.43   28.67  -16.76  -16.89   28.60
   67    15    0.30  -12.57   -4.74   30.39  -13.32   -7.81   29.59
   67    17    0.30  -13.32   -7.81   29.59  -13.82  -12.79   29.45
   68    15    0.69  -13.29   -5.02   31.03  -14.36   -1.51   34.42
   68    16    0.61  -14.36   -1.51   34.42  -14.81    2.10   37.85
   68    17    0.56  -14.81    2.10   37.85  -14.68    5.69   41.33
   68    18    0.56  -14.68    5.69   41.33  -14.80    9.21   44.88
   68    19    0.56  -14.80    9.21   44.88  -15.28   12.70   48.43
   68    19    0.56  -15.28   12.70   48.43  -16.36   15.80   52.19
   68    20    0.56  -16.36   15.80   52.19  -17.76   19.25   55.53
   69    15    0.63  -14.00   -5.31   31.66  -18.73   -6.90   31.30
   69    16    0.60  -18.73   -6.90   31.30  -23.24   -8.91   30.53
   69    17    0.53  -23.24   -8.91   30.53  -27.79  -10.99   30.46
   69    18    0.53  -27.79  -10.99   30.46  -32.20  -13.34   30.52
   69    19    0.53  -32.20  -13.34   30.52  -36.54  -15.82   30.64
   69    20    0.53  -36.54  -15.82   30.64  -41.09  -17.78   31.30
   69    20    0.53  -41.09  -17.78   31.30  -45.86  -19.15   31.96
   70    15    0.39  -14.72   -5.60   32.30  -15.09   -2.71   35.41
   70    17    0.39  -15.09   -2.71   35.41  -14.83    0.76   39.00
   70    18    0.39  -14.83    0.76   39.00  -14.66    4.20   42.63
   70    20    0.39  -14.66    4.20   42.63  -14.65    6.25   44.50
   71    15    0.59  -15.46   -5.98   32.85  -14.69   -3.68   37.22
   71    16    0.57  -14.69   -3.68   37.22  -14.46   -1.02   41.45
   71    17    0.55  -14.46   -1.02   41.45  -14.01    1.29   45.86
   71    18    0.55  -14.01    1.29   45.86  -14.06    3.91   50.12
   71    19    0.55  -14.06    3.91   50.12  -14.38    6.62   54.31
   71    19    0.55  -14.38    6.62   54.31  -14.77    9.54   58.35
   71    20    0.55  -14.77    9.54   58.35  -14.73   11.94   62.73
   72    15    0.32  -16.21   -6.36   33.40  -17.60   -8.98   31.59
   72    17    0.32  -17.60   -8.98   31.59  -20.46  -13.06   31.21
   73    15    0.21  -16.95   -6.74   33.95  -18.80   -5.51   33.35
   73    17    0.21  -18.80   -5.51   33.35  -20.63   -4.27   32.68
   74    15    0.29  -17.69   -7.12   34.51  -20.22   -9.00   34.21
   74    17    0.29  -20.22   -9.00   34.21  -23.80  -12.49   34.14
   75    16    0.24    3.36   13.89   66.88    4.27   11.99   68.45
   75    18    0.24    4.27   11.99   68.45    5.17   10.01   69.92
   76    16    0.56    3.33   14.22   67.82   -1.32   14.49   69.65
   76    17    0.51   -1.32   14.49   69.65   -5.80   15.21   71.74
   76    18    0.51   -5.80   15.21   71.74  -10.48   16.10   73.27
   76    19    0.51  -10.48   16.10   73.27  -15.17   16.72   74.87
   76    20    0.51  -15.17   16.72   74.87  -19.89   17.19   76.48
   77    16    0.26    3.29   14.56   68.76    1.36   12.92   70.11
   77    18    0.26    1.36   12.92   70.11   -0.65   11.45   71.54
   78    16    0.31    3.25   14.90   69.70    3.05   18.30   69.61
   78    18    0.31    3.05   18.30   69.61    2.26   23.24   69.64
   79    16    0.27    3.21   15.23   70.64    5.97   15.01   71.82
   79    18    0.27    5.97   15.01   71.82    8.61   14.74   73.23
   80    16    0.66    3.17   15.57   71.58    2.98   11.13   73.87
   80    17    0.58    2.98   11.13   73.87    2.41    6.52   75.73
   80    18    0.58    2.41    6.52   75.73    2.10    1.98   77.79
   80    19    0.58    2.10    1.98   77.79    1.44   -2.43   80.05
   80    19    0.58    1.44   -2.43   80.05    1.35   -6.83   82.42
   80    20    0.58    1.35   -6.83   82.42    0.56  -11.16   84.80
   81    16    0.61    3.07   15.78   72.55   -1.70   15.62   74.04
   81    17    0.55   -1.70   15.62   74.04   -6.56   15.07   75.08
   81    18    0.55   -6.56   15.07   75.08  -11.53   14.95   75.66
   81    19    0.55  -11.53   14.95   75.66  -16.50   15.38   76.02
   81    20    0.55  -16.50   15.38   76.02  -21.49   15.54   75.83
   81    20    0.55  -21.49   15.54   75.83  -26.48   15.59   75.58
   82    16    0.51    2.86   16.20   74.50   -1.42   14.17   76.10
   82    17    0.49   -1.42   14.17   76.10   -5.37   11.83   78.09
   82    18    0.49   -5.37   11.83   78.09   -9.69    9.97   79.78
   82    19    0.49   -9.69    9.97   79.78  -13.91    7.72   81.25
   82    20    0.49  -13.91    7.72   81.25  -17.75    5.17   83.17
   83    16    0.60    2.76   16.41   75.47    6.09   13.44   77.73
   83    17    0.54    6.09   13.44   77.73    9.86   11.07   80.01
   83    18    0.54    9.86   11.07   80.01   13.91    8.98   82.05
   83    19    0.54   13.91    8.98   82.05   17.49    6.61   84.61
   83    20    0.54   17.49    6.61   84.61   20.96    4.72   87.67
   84    16    0.42    2.65   16.62   76.44    7.15   16.59   77.44
   84    18    0.42    7.15   16.59   77.44   12.11   16.89   78.04
   84    19    0.42   12.11   16.89   78.04   17.04   16.78   78.83
   84    20    0.42   17.04   16.78   78.83   21.84   16.75   80.24
   85    16    0.70    2.62   16.70   77.44    6.52   19.69   78.38
   85    17    0.62    6.52   19.69   78.38   10.38   22.79   79.05
   85    18    0.62   10.38   22.79   79.05   13.97   26.05   80.25
   85    18    0.62   13.97   26.05   80.25   17.47   29.56   80.94
   85    19    0.62   17.47   29.56   80.94   21.43   32.57   81.44
   85    20    0.62   21.43   32.57   81.44   25.24   35.81   81.47
   86    16    0.43    2.59   16.78   78.43    6.70   15.25   80.27
   86    18    0.43    6.70   15.25   80.27   11.04   14.25   82.55
   86    19    0.43   11.04   14.25   82.55   15.20   12.58   84.78
   86    20    0.43   15.20   12.58   84.78   19.57   11.53   86.96
   87    16    0.35    2.56   16.86   79.43   -0.27   19.21   80.56
   87    18    0.35   -0.27   19.21   80.56   -3.98   21.87   82.61
   87    19    0.35   -3.98   21.87   82.61   -8.01   24.43   84.08
   88    16    0.51    2.52   16.94   80.43    3.52   12.25   81.83
   88    17    0.47    3.52   12.25   81.83    4.92    7.72   83.42
   88    18    0.47    4.92    7.72   83.42    5.70    3.04   85.01
   88    19    0.47    5.70    3.04   85.01    5.90   -1.63   86.77
   88    20    0.47    5.90   -1.63   86.77    5.60   -6.32   88.48
   89    16    0.56  -19.69   -8.43   36.31  -20.36  -12.77   33.93
   89    17    0.51  -20.36  -12.77   33.93  -21.45  -17.23   31.93
   89    18    0.51  -21.45  -17.23   31.93  -23.24  -21.89   31.73
   89    19    0.51  -23.24  -21.89   31.73  -25.63  -26.28   31.87
   89    20    0.51  -25.63  -26.28   31.87  -28.52  -30.32   32.49
   90    16    0.39  -20.32   -8.89   36.93  -24.20   -9.17   35.10
   90    18    0.39  -24.20   -9.17   35.10  -28.52   -9.95   32.72
   90    19    0.39  -28.52   -9.95   32.72  -33.18  -10.48   30.97
   91    16    0.40  -21.58   -9.81   38.18  -19.86   -9.94   42.19
   91    18    0.40  -19.86   -9.94   42.19  -17.82  -10.66   46.70
   91    19    0.40  -17.82  -10.66   46.70  -15.51  -11.17   51.11
   92    16    0.30  -22.22  -10.17   38.85  -23.84   -7.65   40.35
   92    18    0.30  -23.84   -7.65   40.35  -26.06   -3.82   42.68
   93    16    0.64  -22.87  -10.53   39.53  -23.55  -15.48   39.38
   93    17    0.62  -23.55  -15.48   39.38  -24.11  -20.41   39.95
   93    18    0.62  -24.11  -20.41   39.95  -25.29  -25.27   40.20
   93    18    0.62  -25.29  -25.27   40.20  -26.06  -30.21   40.18
   93    19    0.62  -26.06  -30.21   40.18  -27.37  -35.03   40.36
   93    20    0.62  -27.37  -35.03   40.36  -28.37  -39.93   40.35
   94    16    0.36  -23.52  -10.88   40.20  -23.93   -8.30   43.14
   94    18    0.36  -23.93   -8.30   43.14  -24.76   -5.01   46.81
   94    19    0.36  -24.76   -5.01   46.81  -25.07   -1.47   50.32
   95    16    0.32  -24.17  -11.24   40.88  -27.11   -9.39   40.90
   95    18    0.32  -27.11   -9.39   40.90  -31.01   -6.29   40.54
   96    16    0.52   -0.24   -0.95   20.20   -5.17   -0.58   20.88
   96    17    0.47   -5.17   -0.58   20.88  -10.17   -0.30   20.97
   96    18    0.47  -10.17   -0.30   20.97  -15.09    0.20   21.70
   96    19    0.47  -15.09    0.20   21.70  -20.07    0.15   22.13
   96    20    0.47  -20.07    0.15   22.13  -24.94   -0.26   23.18
   97    16    0.41   -0.47   -1.90   20.41   -2.15   -5.96   19.52
   97    18    0.41   -2.15   -5.96   19.52   -3.94  -10.62   19.48
   97    19    0.41   -3.94  -10.62   19.48   -5.55  -15.36   19.45
   97    20    0.41   -5.55  -15.36   19.45   -7.39  -19.98   18.98
   98    16    0.26   -0.94   -3.80   20.82    0.89   -5.25   19.12
   98    18    0.26    0.89   -5.25   19.12    2.71   -6.80   17.50
   99    16    0.42   -1.31   -5.73   21.16   -5.69   -6.86   21.85
   99    18    0.42   -5.69   -6.86   21.85  -10.36   -8.49   22.59
   99    19    0.42  -10.36   -8.49   22.59  -15.16   -9.51   23.57
   99    20    0.42  -15.16   -9.51   23.57  -19.91  -10.96   24.10
  100    16    0.37   -1.57   -7.70   21.43   -5.27   -9.19   20.95
  100    18    0.37   -5.27   -9.19   20.95   -9.79  -10.98   19.81
  100    19    0.37   -9.79  -10.98   19.81  -14.66  -12.12   19.67
  101    16    0.53   -1.70   -8.68   21.56   -0.20  -13.39   20.80
  101    17    0.48   -0.20  -13.39   20.80    0.87  -18.27   20.67
  101    18    0.48    0.87  -18.27   20.67    1.66  -23.15   19.94
  101    19    0.48    1.66  -23.15   19.94    1.96  -28.14   19.83
  101    20    0.48    1.96  -28.14   19.83    2.34  -33.10   20.42
  102    17    1.20    0.00    0.00   20.00   -3.22    3.68   21.05
  102    17    1.20   -3.22    3.68   21.05   -6.51    7.09   22.64
  102    18    1.20   -6.51    7.09   22.64   -9.24   10.94   24.28
  102    18    1.20   -9.24   10.94   24.28  -11.65   15.15   25.52
  102    18    1.20  -11.65   15.15   25.52  -13.91   19.46   26.65
  102    19    1.20  -13.91   19.46   26.65  -15.91   23.74   28.28
  102    19    1.20  -15.91   23.74   28.28  -17.78   28.24   29.42
  102    20    1.20  -17.78   28.24   29.42  -19.91   32.42   31.13
  102    20    1.20  -19.91   32.42   31.13  -22.21   36.65   32.49
  102    20    1.20  -22.21   36.65   32.49  -23.91   40.96   34.38
  103    17    0.32    2.49   17.02   81.42    0.66   14.21   82.57
  103    19    0.32    0.66   14.21   82.57   -1.48   10.07   84.36
  104    17    0.50    2.53   17.14   82.42   -0.28   21.01   83.88
  104    18    0.50   -0.28   21.01   83.88   -3.40   24.46   85.72
  104    19    0.50   -3.40   24.46   85.72   -6.86   27.82   87.04
  104    20    0.50   -6.86   27.82   87.04  -10.68   30.73   88.42
  105    17    0.34    2.61   17.38   84.40    2.78   14.02   86.08
  105    19    0.34    2.78   14.02   86.08    2.94    9.85   88.83
  106    17    0.41    2.68   17.62   86.38    5.75   20.86   87.20
  106    19    0.41    5.75   20.86   87.20    9.08   24.55   87.79
  106    20    0.41    9.08   24.55   87.79   11.87   28.66   88.32
  107    17    0.47    2.74   17.79   87.37    6.54   15.43   89.60
  107    18    0.47    6.54   15.43   89.60   10.68   13.52   91.67
  107    19    0.47   10.68   13.52   91.67   14.92   12.29   94.01
  107    20    0.47   14.92   12.29   94.01   18.89   10.72   96.61
  108    17    0.36    2.80   17.96   88.35    5.87   20.44   89.09
  108    19    0.36    5.87   20.44   89.09    9.74   23.26   90.52
  108    20    0.36    9.74   23.26   90.52   13.49   26.24   91.95
  109    17    0.52    2.86   18.14   89.33    0.13   22.09   90.70
  109    18    0.52    0.13   22.09   90.70   -2.55   25.78   92.76
  109    19    0.52   -2.55   25.78   92.76   -4.73   29.61   95.12
  109    20    0.52   -4.73   29.61   95.12   -7.19   33.43   97.21
  110    17    0.45    2.93   18.31   90.32    2.11   14.08   92.68
  110    19    0.45    2.11   14.08   92.68    1.33    9.79   95.13
  110    20    0.45    1.33    9.79   95.13    0.47    5.34   97.24
  111    17    0.29  -26.04  -12.07   43.06  -24.07  -13.86   44.87
  111    19    0.29  -24.07  -13.86   44.87  -20.54  -16.50   47.22
  112    17    0.30  -26.65  -12.31   43.81  -26.86   -9.81   45.93
  112    19    0.30  -26.86   -9.81   45.93  -26.51   -5.96   49.10
  113    17    0.38  -27.27  -12.54   44.56  -26.22  -16.44   45.72
  113    19    0.38  -26.22  -16.44   45.72  -25.34  -21.08   47.35
  113    20    0.38  -25.34  -21.08   47.35  -24.25  -25.78   48.66
  114    17    0.50  -27.88  -12.78   45.32  -29.45   -8.55   47.48
  114    18    0.50  -29.45   -8.55   47.48  -30.68   -4.28   49.75
  114    19    0.50  -30.68   -4.28   49.75  -31.74    0.22   51.68
  114    20    0.50  -31.74    0.22   51.68  -32.21    4.58   54.08
  115    17    0.63  -28.45  -12.98   46.12  -25.68  -13.33   50.27
  115    18    0.63  -25.68  -13.33   50.27  -22.70  -13.68   54.27
  115    19    0.63  -22.70  -13.68   54.27  -19.68  -13.92   58.24
  115    19    0.63  -19.68  -13.92   58.24  -17.17  -14.57   62.52
  115    20    0.63  -17.17  -14.57   62.52  -15.01  -15.85   66.84
  116    17    0.38  -29.01  -13.17   46.92  -31.89  -10.13   46.89
  116    19    0.38  -31.89  -10.13   46.89  -35.58   -6.76   46.83
  116    20    0.38  -35.58   -6.76   46.83  -39.41   -3.55   46.97
  117    17    0.28  -29.58  -13.37   47.72  -27.83  -15.11   49.58
  117    19    0.28  -27.83  -15.11   49.58  -26.09  -16.63   51.62
  118    17    0.42  -30.14  -13.57   48.52  -27.80  -11.54   51.93
  118    19    0.42  -27.80  -11.54   51.93  -25.69   -9.09   55.75
  118    20    0.42  -25.69   -9.09   55.75  -23.43   -6.71   59.52
  119    17    0.37  -30.71  -13.76   49.32  -34.22  -11.89   48.54
  119    19    0.37  -34.22  -11.89   48.54  -38.62   -9.53   48.33
  119    20    0.37  -38.62   -9.53   48.33  -42.98   -7.11   47.87
  120    17    0.57  -31.32  -14.03   50.06  -29.29  -11.74   54.01
  120    18    0.57  -29.29  -11.74   54.01  -27.05   -9.93   58.10
  120    19    0.57  -27.05   -9.93   58.10  -24.52   -7.70   61.79
  120    20    0.57  -24.52   -7.70   61.79  -21.77   -5.22   65.15
  120    20    0.57  -21.77   -5.22   65.15  -19.47   -2.30   68.50
  121    17    0.55  -32.56  -14.57   51.54  -30.29  -13.43   55.84
  121    18    0.55  -30.29  -13.43   55.84  -27.61  -11.85   59.76
  121    19    0.55  -27.61  -11.85   59.76  -24.74  -10.93   63.75
  121    20    0.55  -24.74  -10.93   63.75  -22.18   -9.65   67.85
  122    17    0.30   -1.83   -9.66   21.70    0.70  -10.59   23.54
  122    19    0.30    0.70  -10.59   23.54    4.89  -11.39   26.14
  123    17    0.38   -1.99  -10.61   21.99    0.18  -13.31   19.65
  123    19    0.38    0.18  -13.31   19.65    2.38  -16.81   16.83
  123    20    0.38    2.38  -16.81   16.83    4.03  -20.53   13.93
  124    17    0.22   -2.16  -11.55   22.27   -3.44  -11.32   24.26
  124    19    0.22   -3.44  -11.32   24.26   -4.60  -11.17   26.33
  125    17    0.47   -2.32  -12.49   22.56   -5.89  -12.75   26.05
  125    18    0.47   -5.89  -12.75   26.05   -9.06  -12.47   29.91
  125    19    0.47   -9.06  -12.47   29.91  -12.46  -11.78   33.51
  125    20    0.47  -12.46  -11.78   33.51  -15.42  -11.09   37.48
  126    17    0.39   -2.48  -13.44   22.85   -6.68  -14.13   22.70
  126    19    0.39   -6.68  -14.13   22.70  -11.63  -14.84   22.62
  126    20    0.39  -11.63  -14.84   22.62  -16.62  -15.16   22.61
  127    17    0.58   -2.65  -14.38   23.14   -7.54  -14.76   24.10
  127    18    0.58   -7.54  -14.76   24.10  -12.39  -14.81   25.31
  127    19    0.58  -12.39  -14.81   25.31  -17.27  -14.64   26.38
  127    20    0.58  -17.27  -14.64   26.38  -22.04  -13.80   27.63
  127    20    0.58  -22.04  -13.80   27.63  -26.81  -12.56   28.46
  128    17    0.34   -2.89  -15.33   23.35   -0.75  -17.13   20.81
  128    19    0.34   -0.75  -17.13   20.81    2.21  -18.85   17.17
  129    17    0.44   -3.13  -16.27   23.56   -6.68  -15.81   26.74
  129    19    0.44   -6.68  -15.81   26.74  -10.28  -14.91   30.10
  129    20    0.44  -10.28  -14.91   30.10  -14.24  -14.48   33.11
  130    17    0.34   -3.37  -17.22   23.78   -2.24  -17.57   27.37
  130    19    0.34   -2.24  -17.57   27.37   -1.01  -17.76   32.21
  131    17    0.41   -3.60  -18.17   23.99   -7.89  -19.64   23.55
  131    19    0.41   -7.89  -19.64   23.55  -12.64  -21.20   23.55
  131    20    0.41  -12.64  -21.20   23.55  -17.49  -22.29   24.04
  132    17    0.31   -3.84  -19.12   24.20   -2.66  -19.78   27.37
  132    19    0.31   -2.66  -19.78   27.37   -0.54  -21.21   31.67
  133    17    0.52   -4.10  -20.04   24.49   -1.78  -21.03   28.81
  133    18    0.52   -1.78  -21.03   28.81    0.63  -22.04   33.07
  133    19    0.52    0.63  -22.04   33.07    3.03  -23.12   37.32
  133    20    0.52    3.03  -23.12   37.32    5.03  -23.80   41.86
  134    17    0.34   -4.35  -20.96   24.78   -8.10  -21.14   24.73
  134    19    0.34   -8.10  -21.14   24.73  -13.07  -21.01   24.25
  135    17    0.34   -4.61  -21.89   25.07   -2.40  -24.21   23.19
  135    19    0.34   -2.40  -24.21   23.19    1.51  -27.30   22.85
  136    17    0.33   -4.86  -22.81   25.35   -8.40  -23.37   24.63
  136    19    0.33   -8.40  -23.37   24.63  -13.37  -23.89   24.49
  137    17    0.36    1.79    1.52   25.31    0.68    5.37   25.02
  137    19    0.36    0.68    5.37   25.02   -0.62   10.20   25.01
  137    20    0.36   -0.62   10.20   25.01   -1.34   15.14   24.78
  138    17    0.37   -0.85   -1.07   27.55   -4.70   -2.23   26.95
  138    19    0.37   -4.70   -2.23   26.95   -9.55   -3.46   26.82
  138    20    0.37   -9.55   -3.46   26.82  -14.49   -4.15   27.18
  139    17    0.46   -1.54   -1.74   27.84   -2.21   -1.10   32.76
  139    18    0.46   -2.21   -1.10   32.76   -2.44   -0.29   37.69
  139    19    0.46   -2.44   -0.29   37.69   -2.86    1.14   42.46
  139    20    0.46   -2.86    1.14   42.46   -3.41    3.22   46.98
  140    18    0.69    2.99   18.48   91.30    5.15   22.94   91.98
  140    19    0.69    5.15   22.94   91.98    7.64   27.16   92.95
  140    19    0.69    7.64   27.16   92.95    9.86   31.53   93.93
  140    20    0.69    9.86   31.53   93.93   11.45   36.06   95.34
  141    18    0.59    3.16   18.57   92.28    8.09   19.30   92.71
  141    19    0.59    8.09   19.30   92.71   12.98   19.99   93.48
  141    20    0.59   12.98   19.99   93.48   17.87   20.49   94.41
  142    18    0.40    3.34   18.65   93.26   -0.69   18.16   94.89
  142    20    0.40   -0.69   18.16   94.89   -5.44   17.52   96.30
  143    18    0.23    3.51   18.74   94.24    5.94   19.41   94.51
  143    20    0.23    5.94   19.41   94.51    8.33   20.22   94.77
  144    18    0.52    3.69   18.82   95.22    7.75   21.63   96.02
  144    19    0.52    7.75   21.63   96.02   11.39   24.85   97.19
  144    20    0.52   11.39   24.85   97.19   15.06   28.09   98.21
  145    18    0.37    3.86   18.91   96.20    3.40   22.84   97.14
  145    20    0.37    3.40   22.84   97.14    2.32   27.65   97.94
  146    18    0.68    3.90   19.04   97.19    1.30   15.44   99.49
  146    19    0.68    1.30   15.44   99.49   -1.36   12.04  102.02
  146    20    0.68   -1.36   12.04  102.02   -3.58    8.69  105.00
  146    20    0.68   -3.58    8.69  105.00   -6.32    5.39  107.56
  147    18    0.33    3.94   19.17   98.19    0.87   17.75   99.50
  147    20    0.33    0.87   17.75   99.50   -3.62   16.27  101.13
  148    18    0.53    3.97   19.30   99.18    3.61   24.28   99.45
  148    19    0.53    3.61   24.28   99.45    2.99   29.24   99.53
  148    20    0.53    2.99   29.24   99.53    2.41   34.17   98.92
  149    18    0.38    4.01   19.43  100.17    2.20   16.18  102.00
  149    20    0.38    2.20   16.18  102.00   -0.49   12.37  103.81
  150    18    0.52    4.28   20.00  103.10    0.24   22.52  104.62
  150    19    0.52    0.24   22.52  104.62   -4.15   24.50  105.96
  150    20    0.52   -4.15   24.50  105.96   -8.70   26.02  107.37
  151    18    0.51    4.40   20.22  104.06    7.37   16.78  106.14
  151    19    0.51    7.37   16.78  106.14   10.00   12.99  108.07
  151    20    0.51   10.00   12.99  108.07   12.43    9.35  110.49
  152    18    0.35    4.51   20.44  105.03    6.73   17.83  106.82
  152    20    0.35    6.73   17.83  106.82    9.46   14.52  109.40
  153    18    0.26  -33.79  -15.11   53.02  -32.79  -17.14   54.72
  153    20    0.26  -32.79  -17.14   54.72  -31.77  -19.09   56.51
  154    18    0.41  -34.43  -15.28   53.77  -31.99  -18.18   56.16
  154    20    0.41  -31.99  -18.18   56.16  -28.90  -21.24   58.64
  155    18    0.29  -35.06  -15.45   54.53  -37.90  -15.03   53.26
  155    20    0.29  -37.90  -15.03   53.26  -42.24  -13.84   51.09
  156    18    0.41  -35.69  -15.61   55.28  -36.04  -19.99   56.16
  156    20    0.41  -36.04  -19.99   56.16  -36.83  -24.85   56.99
  157    18    0.43  -36.33  -15.78   56.04  -36.69  -11.73   58.42
  157    20    0.43  -36.69  -11.73   58.42  -36.73   -7.52   61.13
  158    18    0.50  -36.96  -15.95   56.79  -40.61  -12.59   56.16
  158    19    0.50  -40.61  -12.59   56.16  -43.87   -8.80   55.98
  158    20    0.50  -43.87   -8.80   55.98  -47.26   -5.14   56.35
  159    18    0.31  -37.64  -16.04   57.52  -39.40  -18.74   56.36
  159    20    0.31  -39.40  -18.74   56.36  -42.17  -22.34   54.27
  160    18    0.53  -38.33  -16.12   58.24  -39.90  -20.84   58.78
  160    19    0.53  -39.90  -20.84   58.78  -40.82  -25.73   59.24
  160    20    0.53  -40.82  -25.73   59.24  -42.13  -30.55   59.46
  161    18    0.48  -39.01  -16.21   58.97  -43.22  -14.96   56.57
  161    19    0.48  -43.22  -14.96   56.57  -47.70  -13.61   54.81
  161    20    0.48  -47.70  -13.61   54.81  -52.43  -12.35   53.78
  162    18    0.37  -40.38  -16.38   60.42  -39.39  -19.57   62.65
  162    20    0.37  -39.39  -19.57   62.65  -37.95  -23.64   65.18
  163    18    0.36  -41.06  -16.48   61.14  -44.52  -18.01   59.80
  163    20    0.36  -44.52  -18.01   59.80  -48.44  -20.24   57.64
  164    18    0.42  -41.74  -16.58   61.87  -39.67  -19.52   64.74
  164    20    0.42  -39.67  -19.52   64.74  -38.06  -23.06   67.88
  165    18    0.47  -42.42  -16.68   62.60  -47.10  -16.12   60.92
  165    19    0.47  -47.10  -16.12   60.92  -51.96  -15.44   59.95
  165    20    0.47  -51.96  -15.44   59.95  -56.92  -14.97   59.59
  166    18    0.28  -43.10  -16.78   63.32  -45.38  -18.58   62.41
  166    20    0.28  -45.38  -18.58   62.41  -47.58  -20.40   61.38
  167    18    0.55   -5.12  -23.73   25.64   -9.06  -24.47   22.65
  167    19    0.55   -9.06  -24.47   22.65  -13.16  -25.73   20.08
  167    20    0.55  -13.16  -25.73   20.08  -17.19  -27.67   17.85
  168    18    0.31   -5.40  -24.65   25.94   -2.65  -26.74   25.74
  168    20    0.31   -2.65  -26.74   25.74    1.04  -30.07   25.22
  169    18    0.60   -5.68  -25.56   26.23   -6.35  -27.57   21.70
  169    19    0.60   -6.35  -27.57   21.70   -8.04  -32.19   20.82
  169    20    0.60   -8.04  -32.19   20.82   -9.27  -36.96   19.95
  170    18    0.29   -5.97  -26.47   26.53   -6.43  -27.94   23.80
  170    20    0.29   -6.43  -27.94   23.80   -7.53  -30.02   19.39
  171    18    0.21   -6.25  -27.38   26.82   -8.27  -27.85   25.83
  171    20    0.21   -8.27  -27.85   25.83  -10.53  -28.27   25.73
  172    18    0.47   -6.53  -28.29   27.12   -9.90  -28.10   30.81
  172    19    0.47   -9.90  -28.10   30.81  -13.39  -27.26   34.29
  172    20    0.47  -13.39  -27.26   34.29  -17.23  -26.64   37.43
  173    18    0.20   -6.82  -29.22   27.39   -5.04  -30.53   27.35
  173    20    0.20   -5.04  -30.53   27.35   -3.21  -31.78   27.41
  174    18    0.59   -7.10  -30.14   27.66   -5.81  -33.25   23.96
  174    19    0.59   -5.81  -33.25   23.96   -3.94  -37.84   23.32
  174    20    0.59   -3.94  -37.84   23.32   -1.84  -42.29   22.42
  175    18    0.34   -7.39  -31.06   27.93   -4.88  -33.88   27.76
  175    20    0.34   -4.88  -33.88   27.76   -1.93  -37.91   28.01
  176    18    0.74   -7.67  -31.98   28.19   -3.94  -35.28   27.80
  176    19    0.74   -3.94  -35.28   27.80    0.18  -38.11   27.81
  176    19    0.74    0.18  -38.11   27.81    4.50  -40.62   27.80
  176    20    0.74    4.50  -40.62   27.80    8.70  -43.33   27.99
  177    18    0.35    4.05    3.43   25.81    3.84    4.22   29.53
  177    20    0.35    3.84    4.22   29.53    3.42    4.66   34.49
  178    18    0.22    4.88    3.96   26.00    4.01    5.74   27.38
  178    20    0.22    4.01    5.74   27.38    3.24    7.46   28.89
  179    18    0.24    6.54    5.01   26.40    8.55    3.28   26.36
  179    20    0.24    8.55    3.28   26.36   10.62    1.63   26.20
  180    18    0.32   -2.90   -3.08   28.43   -2.51   -2.95   31.87
  180    20    0.32   -2.51   -2.95   31.87   -1.46   -2.26   36.71
  181    18    0.21   -3.55   -3.78   28.72   -2.32   -5.64   29.41
  181    20    0.21   -2.32   -5.64   29.41   -1.10   -7.56   29.97
  182    18    0.21   -4.85   -5.18   29.30   -4.02   -6.28   31.13
  182    20    0.21   -4.02   -6.28   31.13   -3.19   -7.25   33.03
  183    18    0.29   -5.50   -5.88   29.60   -8.65   -6.07   29.27
  183    20    0.29   -8.65   -6.07   29.27  -13.64   -6.28   29.20
  184    18    0.34    0.90   -1.52   20.94   -1.87   -3.33   22.60
  184    20    0.34   -1.87   -3.33   22.60   -5.34   -6.29   24.66
  185    18    0.40    1.35   -2.28   21.41   -0.92   -2.54   25.16
  185    20    0.40   -0.92   -2.54   25.16   -3.56   -2.55   29.41
  186    18    0.28    1.79   -3.04   21.88    4.85   -3.23   21.73
  186    20    0.28    4.85   -3.23   21.73    7.91   -3.38   21.56
  187    18    0.56    2.24   -3.80   22.34    0.97   -4.24   27.16
  187    19    0.56    0.97   -4.24   27.16   -0.37   -5.34   31.85
  187    20    0.56   -0.37   -5.34   31.85   -2.05   -6.89   36.30
  188    18    0.40    3.31   -5.28   23.18   -0.04   -8.01   24.17
  188    20    0.40   -0.04   -8.01   24.17   -4.06  -10.90   24.86
  189    18    0.70    3.84   -6.01   23.60    4.26   -9.15   19.73
  189    19    0.70    4.26   -9.15   19.73    4.14  -14.10   19.06
  189    19    0.70    4.14  -14.10   19.06    4.03  -18.97   17.93
  189    20    0.70    4.03  -18.97   17.93    4.13  -23.97   17.76
  190    18    0.53    4.38   -6.75   24.02    1.74   -9.09   27.55
  190    19    0.53    1.74   -9.09   27.55   -0.52  -11.18   31.50
  190    20    0.53   -0.52  -11.18   31.50   -2.99  -13.75   35.00
  191    18    0.22    1.73   -0.18   30.02    2.74    0.65   32.10
  191    20    0.22    2.74    0.65   32.10    3.91    1.50   34.10
  192    18    0.38    3.46   -1.16   30.15    5.42    0.85   33.23
  192    20    0.38    5.42    0.85   33.23    8.15    2.70   36.99
  193    18    0.26    4.33   -1.65   30.21    3.83   -4.14   31.56
  193    20    0.26    3.83   -4.14   31.56    3.50   -6.67   32.88
  194    18    0.27    1.85   -0.34   33.03   -0.54   -2.17   32.80
  194    20    0.27   -0.54   -2.17   32.80   -3.06   -3.83   32.76
  195    18    0.27    2.66   -2.15   33.31    5.50   -1.62   33.79
  195    20    0.27    5.50   -1.62   33.79    8.32   -1.17   34.43
  196    18    0.20    5.88    2.71   40.56    7.07    0.87   40.43
  197    19    1.20    0.00    0.00   20.00    2.88   -2.72   23.05
  197    19    1.20    2.88   -2.72   23.05    5.73   -5.18   26.34
  197    20    1.20    5.73   -5.18   26.34    8.87   -7.84   29.18
  197    20    1.20    8.87   -7.84   29.18   12.16  -10.77   31.54
  197    20    1.20   12.16  -10.77   31.54   15.45  -13.63   33.99
  198    19    0.31    4.63   20.66  106.00    5.86   17.89  107.46
  199    19    0.49    4.63   20.84  106.98    2.80   25.39  107.96
  199    20    0.49    2.80   25.39  107.96    1.16   29.87  109.43
  200    19    0.28    4.64   21.01  107.97    3.69   18.46  109.44
  201    19    0.51    4.64   21.19  108.95    6.70   25.64  109.95
  201    20    0.51    6.70   25.64  109.95    8.32   30.17  111.31
  202    19    0.30    4.65   21.37  109.94    2.40   19.45  111.31
  203    19    0.43    4.66   21.55  110.92    0.24   22.96  111.87
  204    19    0.78    4.73   21.78  111.89    2.68   26.34  111.99
  204    20    0.78    2.68   26.34  111.99    0.51   30.81  112.56
  204    20    0.78    0.51   30.81  112.56   -2.05   35.09  112.93
  205    19    0.36    4.80   22.02  112.86    8.60   21.65  113.75
  206    19    0.21    4.87   22.25  113.83    7.08   22.35  114.38
  207    19    0.54    5.02   22.72  115.77    2.94   27.07  117.11
  207    20    0.54    2.94   27.07  117.11    0.53   31.38  117.88
  208    19    0.38    5.03   22.83  116.76    8.94   21.84  117.99
  209    19    0.61    5.05   22.93  117.76    0.22   22.26  118.90
  209    20    0.61    0.22   22.26  118.90   -4.47   20.95  120.01
  210    19    0.42    5.06   23.03  118.75    1.75   26.12  119.91
  211    19    0.65  -43.78  -16.87   64.05  -40.87  -16.90   68.12
  211    20    0.65  -40.87  -16.90   68.12  -38.41  -17.35   72.45
  212    19    0.43  -44.40  -17.10   64.80  -42.41  -20.79   66.94
  213    19    0.33  -45.64  -17.55   66.30  -43.81  -19.98   68.33
  214    19    0.28  -46.88  -18.00   67.81  -46.40  -16.12   70.22
  215    19    0.24  -47.54  -18.25   68.52  -49.16  -16.17   68.85
  216    19    0.27  -48.20  -18.50   69.23  -50.68  -19.35   67.79
  217    19    0.41  -48.85  -18.75   69.94  -49.92  -22.87   68.51
  218    19    0.30  -49.51  -19.00   70.65  -47.96  -21.23   72.53
  219    19    0.38   -7.96  -32.90   28.46   -5.08  -35.76   29.20
  220    19    0.30   -8.35  -33.75   28.79   -6.56  -34.75   31.39
  221    19    0.38   -8.75  -34.61   29.13  -12.66  -34.67   27.64
  222    19    0.83   -9.14  -35.47   29.46  -13.26  -33.88   31.80
  222    20    0.83  -13.26  -33.88   31.80  -17.30  -31.80   33.89
  222    20    0.83  -17.30  -31.80   33.89  -20.96  -29.85   36.69
  223    19    0.63   -9.53  -36.33   29.79   -5.26  -38.90   30.15
  223    20    0.63   -5.26  -38.90   30.15   -0.67  -40.83   30.63
  224    19    0.48   -9.93  -37.18   30.12   -9.23  -37.48   35.06
  224    20    0.48   -9.23  -37.48   35.06   -8.66  -37.06   40.01
  225    19    0.58  -10.44  -37.97   30.47   -9.17  -38.57   35.27
  225    20    0.58   -9.17  -38.57   35.27   -8.19  -38.68   40.17
  226    19    0.58  -10.95  -38.75   30.83  -10.05  -41.94   27.09
  226    20    0.58  -10.05  -41.94   27.09   -7.89  -46.40   26.43
  227    19    0.50  -11.46  -39.53   31.18  -12.35  -44.43   30.72
  227    20    0.50  -12.35  -44.43   30.72  -13.19  -49.36   30.53
  228    19    0.31  -11.98  -40.31   31.54  -10.81  -40.40   34.73
  229    19    0.65  -12.49  -41.09   31.89  -17.01  -39.54   33.35
  229    20    0.65  -17.01  -39.54   33.35  -21.46  -38.38   35.31
  230    19    0.68  -13.03  -41.82   32.32  -10.28  -45.57   34.16
  230    20    0.68  -10.28  -45.57   34.16   -7.79  -49.39   36.21
  231    19    0.31  -13.56  -42.54   32.76  -11.12  -44.76   33.75
  232    19    0.25  -14.10  -43.26   33.19  -14.53  -45.20   31.23
  233    19    0.39  -14.64  -43.98   33.63  -14.27  -47.29   30.86
  234    19    0.45    8.20    6.05   26.79   12.02    4.41   24.06
  235    19    0.35    8.94    6.69   26.99   11.18    6.70   23.83
  236    19    0.23   10.43    7.96   27.40   11.18    7.50   29.75
  237    19    0.31   -7.57   -7.85   30.50   -6.03  -10.72   31.60
  238    19    0.38   -8.28   -8.49   30.80  -12.24   -7.21   30.54
  239    19    0.29   -8.99   -9.12   31.11   -8.58  -11.64   29.24
  240    19    0.36    5.96   -8.82   25.49    3.51   -9.56   28.50
  241    19    0.33    6.48   -9.48   26.02    4.51  -10.10   29.01
  242    19    0.27    7.01  -10.15   26.55    6.43   -9.51   29.43
  243    19    0.25    7.99  -11.57   27.54    6.52  -13.72   26.74
  244    19    0.43    8.91  -13.09   28.47    5.88  -14.14   31.98
  245    19    0.42    9.37  -13.85   28.93    9.99  -17.51   26.16
  246    19    0.26    9.83  -14.60   29.39    7.91  -16.77   29.38
  247    19    0.36   10.18  -15.35   29.97    9.00  -14.69   33.70
  248    19    0.31   10.52  -16.09   30.54   13.82  -16.41   29.67
  249    19    0.57   10.86  -16.84   31.11    9.06  -16.75   35.77
  249    20    0.57    9.06  -16.75   35.77    7.62  -17.04   40.55
  250    19    0.50   11.20  -17.58   31.68   15.82  -19.49   31.44
  250    20    0.50   15.82  -19.49   31.44   20.63  -20.83   31.14
  251    19    0.36    6.78    3.68   45.69    7.31    2.86   49.55
  252    19    0.41    4.97    4.88   48.27    7.01    0.83   47.91
  253    19    0.28    5.93    4.98   48.54    6.88    7.72   47.61
  254    19    0.24    6.88    5.07   48.82    7.01    3.78   51.16
  255    19    0.29    4.22    8.00   47.99    1.61    9.42   49.26
  256    19    0.27    4.27    8.95   47.68    3.17    8.77   44.96
  257    19    0.25    3.64    8.87   49.72    5.74   10.23   50.87
  258    19    0.22    0.38    7.12   53.01   -0.45    9.04   51.87
  259    19    0.21    4.97    7.43   52.45    5.26    7.94   50.22
  260    19    0.20    6.76    8.32   52.39    6.84    9.53   50.53
  261    19    0.23    7.65    8.77   52.36    9.27    7.43   53.79
  262    19    0.24   -1.74   -0.34   20.53   -2.46    1.89   19.23
  263    19    0.37   -4.73   -0.49   20.32   -6.33    3.28   20.22
  264    19    0.22   -1.15   -0.92   22.07    0.99    0.07   22.38
  265    19    0.28   -0.46   -1.64   23.81   -0.84    0.52   25.94
  266    19    0.48   -7.29   -3.40   25.26  -10.57   -3.57   21.48
  266    20    0.48  -10.57   -3.57   21.48  -15.50   -2.88   20.95
  267    19    0.33   -8.22   -5.17   25.19  -10.56   -5.11   22.38
  268    19    0.36   -8.68   -6.06   25.16   -6.94   -9.54   24.48
  269    20    0.66    5.09   23.23  120.74    8.51   19.74  121.78
  270    20    0.52    5.14   23.25  121.74    9.88   24.78  122.19
  271    20    0.44    5.19   23.26  122.74    1.03   21.49  124.46
  272    20    0.49    5.24   23.27  123.74    7.11   18.69  124.41
  273    20    0.35    5.29   23.29  124.73    3.90   19.93  126.12
  274    20    0.37    5.35   23.30  125.73    6.02   19.36  126.41
  275    20    0.72    5.30   23.21  126.73    8.24   27.06  127.96
  276    20    0.22    5.25   23.13  127.72    6.04   20.93  128.35
  277    20    0.41    5.15   22.96  129.71    5.75   18.61  130.83
  278    20    0.47  -50.17  -19.25   71.36  -54.69  -17.75   69.86
  279    20    0.41  -50.88  -19.55   72.00  -51.37  -16.12   74.83
  280    20    0.32  -51.59  -19.84   72.63  -50.02  -21.89   74.95
  281    20    0.55  -52.30  -20.14   73.27  -50.82  -24.85   74.03
  282    20    0.61  -53.02  -20.43   73.91  -57.08  -20.73   71.01
  283    20    0.34  -54.41  -21.06   75.19  -52.73  -20.37   78.46
  284    20    0.45  -55.10  -21.39   75.84  -52.84  -23.58   79.66
  285    20    0.21  -55.78  -21.73   76.49  -57.76  -20.87   75.81
  286    20    0.32  -56.47  -22.06   77.14  -54.94  -24.91   78.64
  287    20    0.54  -57.15  -22.39   77.79  -56.48  -18.81   81.22
  288    20    0.45  -57.90  -22.60   78.41  -59.55  -18.37   80.43
  289    20    0.41  -58.66  -22.82   79.03  -62.05  -24.82   76.87
  290    20    0.52  -15.18  -44.71   34.06  -17.47  -49.13   33.64
  291    20    0.51  -15.79  -45.37   34.48  -13.39  -49.17   36.68
  292    20    0.39  -16.40  -46.04   34.91  -17.91  -50.01   34.49
  293    20    0.29  -17.02  -46.71   35.33  -20.00  -45.52   35.29
  294    20    0.66  -17.63  -47.38   35.75  -22.27  -45.63   36.40
  295    20    0.71  -18.24  -48.05   36.17  -22.59  -46.45   34.30
  296    20    0.46  -18.90  -48.62   36.67  -20.62  -52.15   33.58
  297    20    0.49  -19.56  -49.18   37.16  -23.75  -49.88   34.53
  298    20    0.32  -20.22  -49.75   37.65  -20.63  -52.59   35.62
  299    20    0.29  -20.87  -50.32   38.15  -23.30  -48.34   38.62
  300    20    0.32  -21.53  -50.89   38.64  -24.73  -50.73   37.20
  301    20    0.22  -22.15  -51.55   39.07  -24.07  -50.40   39.86
  302    20    0.46  -22.77  -52.21   39.49  -25.18  -54.86   36.00
  303    20    0.36  -23.39  -52.87   39.92  -27.12  -51.72   39.38
  304    20    0.20  -24.01  -53.53   40.34  -25.49  -53.98   38.73
  305    20    0.31   11.92    9.23   27.81   12.37    8.91   31.17
  306    20    0.43   14.41   10.84   28.29   17.27   10.12   24.59
  307    20    0.42   15.24   11.37   28.45   14.79   15.92   28.24
  308    20    0.22   17.75   12.83   29.17   18.52   11.76   31.25
  309    20    0.28   19.44   13.75   29.73   18.79   14.57   32.59
  310    20    0.31  -10.47  -10.31   31.72  -11.09  -12.38   29.10
  311    20    0.45  -12.79  -11.97   32.65  -16.57  -11.40   29.48
  312    20    0.47  -13.57  -12.53   32.96  -13.25  -16.90   30.56
  313    20    0.23  -14.32  -13.03   33.39  -15.74  -11.41   34.75
  314    20    0.29  -15.06  -13.52   33.83  -18.14  -12.58   33.61
  315    20    0.32  -15.81  -14.02   34.27  -19.34  -14.38   33.98
  316    20    0.29  -16.56  -14.52   34.71  -16.63  -13.81   37.87
  317    20    0.28   11.55  -18.33   32.26   10.16  -21.07   31.65
  318    20    0.63   11.95  -18.97   32.91    8.96  -22.97   32.69
  319    20    0.33   12.35  -19.60   33.57   10.05  -22.48   33.60
  320    20    0.52   12.75  -20.24   34.23   13.05  -17.73   38.54
  321    20    0.48   13.15  -20.88   34.89   13.54  -18.49   39.27
  322    20    0.55   13.55  -21.52   35.55   10.29  -25.07   36.85
  323    20    0.50   13.97  -22.12   36.23   18.23  -24.10   34.53
  324    20    0.46   14.38  -22.71   36.92   16.66  -20.09   40.51
  325    20    0.22   15.21  -23.91   38.29   17.59  -24.13   38.24
  326    20    0.35    4.19   -1.50   47.85    0.71   -2.89   48.93
  327    20    0.30    4.62   -3.98   49.48    3.69   -6.42   47.44
  328    20    0.27    8.75    3.69   46.00    9.58    6.52   46.24
  329    20    0.24    9.71    3.72   46.29   10.35    6.25   45.92
  330    20    0.26   10.66    3.74   46.58   10.76    4.51   49.37
  331    20    0.26   11.62    3.77   46.87   11.49    3.99   49.68
  332    20    0.34    8.80    5.27   49.36    9.20    2.10   51.38
  333    20    0.21   10.74    5.18   49.85   11.18    6.83   51.39
  334    20    0.32   12.67    5.09   50.34   13.87    1.84   49.78
  335    20    0.25    3.29   14.46   47.61    1.00   15.55   48.79
  336    20    0.21   -0.54    7.27   53.36   -0.60    9.54   53.76
  337    20    0.26   -1.49    7.44   53.63   -2.95    6.34   51.49
  338    20    0.21   -3.39    7.78   54.16   -3.28    9.61   55.57
  339    20    0.27   -4.33    7.95   54.43   -4.62    7.26   57.31
  340    20    0.34    8.55    9.21   52.33   10.83    6.29   53.04
  341    20    0.27   10.31   10.13   52.13   12.21    8.33   53.50
  342    20    0.21   11.19   10.59   52.03   10.92   12.46   50.78
  343    20    0.33   -5.73   -0.54   20.25   -6.57   -0.22   16.67
  344    20    0.27   -7.70   -0.89   20.28   -9.15    1.57   20.86
  345    20    0.33   -9.66   -1.24   20.31  -11.13    2.00   19.51
  346    20    0.37   -9.15   -6.94   25.12  -10.81   -7.98   28.65
  347    20    0.44   -9.56   -7.84   24.99   -5.87  -10.65   26.24
  348    20    0.39   -0.11   -0.46   20.88    3.41    0.74   22.91
  349    20    0.53   -0.22   -0.92   21.76   -4.70    0.57   23.40
  350    20    0.50   -0.33   -1.39   22.64   -5.30   -1.31   23.10
  351    20    0.38   -0.43   -1.85   23.52   -4.46   -0.92   24.26
  352    20    0.55   -0.54   -2.31   24.40   -3.40    0.84   27.03
  353    20    0.40   -0.71   -2.75   25.28    2.31   -1.01   28.01
  354    20    0.33   -1.05   -3.64   27.04   -2.41   -1.26   29.48
  355    20    0.37   -1.22   -4.08   27.92   -1.20   -0.80   30.42
  356    20    0.32    3.29    7.00   53.80    4.78    4.78   56.09
  357    20    0.28    2.50    6.55   54.24    0.43    6.57   51.89
  358    20    0.30    4.67    9.28   56.09    6.30    8.54   53.36
  359    20    0.24    5.41    9.96   56.04    6.88    9.50   58.24
  360    20    0.33    6.14   10.63   56.00    6.26   11.60   59.50
  361    20    0.30    6.88   11.31   55.95    9.77    9.82   55.36
  362    20    0.36    2.98    9.09   58.38   -0.01   10.99   56.57
  363    20    0.26    2.12    8.82   58.80    1.94   10.22   61.24
  364    20    0.40    5.55   10.98   59.94    6.96   10.65   55.77
  365    20    0.37    7.40   11.72   60.11    9.00    9.88   63.33
  366    20    0.28    2.70   12.09   64.78    4.06   10.19   66.75
  367    20    0.26    0.48   10.91   66.43    0.28   12.65   68.73
  368    20    0.29    2.46   13.23   65.28    2.93   15.76   67.17
  369    20    0.28    1.52   13.51   65.45    1.36   16.48   64.89
  370    20    0.20    0.57   13.79   65.63    0.73   15.63   66.88
  371    20    0.24   -0.37   14.06   65.80   -0.50   16.72   65.56
  372    20    0.38   -8.23   -2.01   25.76  -11.98   -3.17   27.07
  373    20    0.29   -9.48   -0.46   25.57  -11.85   -1.37   27.52
  374    20    0.21  -10.10    0.32   25.48   -9.16    1.93   26.86
  375    20    0.24   -8.27   -5.04   26.84   -9.72   -7.25   26.36
  376    20    0.49  -13.93   -2.92   33.06  -16.56    0.51   30.54
  377    20    0.44  -14.15   -2.21   33.74  -11.38    1.75   33.33
  378    20    0.32  -14.95   -5.63   31.59  -16.64   -2.55   31.49
  379    20    0.28  -15.89   -5.95   31.52  -15.90   -8.28   33.51
  380    20    0.30  -15.31   -5.52   33.72  -17.19   -2.82   33.93
